(0/1;csv2lira/2;5/39; 1:'dead load';)(1/

5 1 1 2/
5 1 3 4/
5 1 1 3/
5 1 2 4/

5 2 1 5/
5 2 3 6/
5 2 2 7/
5 2 4 8/

5 1 5 6/
5 1 7 8/
5 1 5 7/
5 1 6 8/

5 1 5 9/
5 1 6 10/
5 1 10 9/

5 1 7 11/
5 1 8 12/
5 1 12 11/

44 3 1 5 3 6/
44 3 3 6 4 8/
44 3 4 8 2 7/
44 3 2 7 1 5/
44 3 1 2 3 4/

44 3 5 6 9 10/
44 3 7 8 11 12/

)(3/
1 S0 3.06E6 20.0 30.0/
2 S0 3.06E6 20.0 20.0/
3 3.06E6 0.2 0.10/

(4/
0 0 0/
3 0 0/
0 3 0/
3 3 0/

0 0 3/
0 3 3/
3 0 3/
3 3 3/

-1.5 0 4/
-1.5 3 4/

4.5 0 4/
4.5 3 4/


)(6/1 16 3 1 1/)
(7/1 0.0 0.0 0.0 0.0 /)
(8/0 0 0 0 0 0 0/)